316.90 (162, 817, 812)(425, 690, 689)
321.56 (162, 817, 812)(431, 825, 988)
322.37 (906, 360, 560)(805, 96, 715)
328.12 (431, 825, 988)(425, 690, 689)
333.66 (862, 61, 35)(984, 92, 344)
338.34 (52, 470, 668)(117, 168, 530)
344.39 (819, 987, 18)(941, 993, 340)
347.60 (906, 360, 560)(739, 650, 466)
350.79 (346, 949, 466)(425, 690, 689)
352.94 (906, 360, 560)(984, 92, 344)
367.98 (592, 479, 940)(425, 690, 689)
371.71 (352, 342, 300)(542, 29, 236)
372.02 (352, 342, 300)(117, 168, 530)
373.41 (352, 342, 300)(466, 668, 158)
379.24 (542, 29, 236)(862, 61, 35)
384.63 (592, 479, 940)(431, 825, 988)
387.20 (739, 650, 466)(425, 690, 689)
391.47 (162, 817, 812)(52, 470, 668)
407.54 (819, 987, 18)(970, 615, 88)
411.94 (805, 96, 715)(984, 92, 344)
411.97 (466, 668, 158)(739, 650, 466)
413.52 (162, 817, 812)(346, 949, 466)
417.53 (739, 650, 466)(941, 993, 340)
424.24 (57, 618, 57)(466, 668, 158)
433.56 (52, 470, 668)(425, 690, 689)
433.85 (466, 668, 158)(346, 949, 466)
444.38 (739, 650, 466)(970, 615, 88)
455.22 (970, 615, 88)(941, 993, 340)
458.36 (216, 146, 977)(117, 168, 530)
459.34 (542, 29, 236)(984, 92, 344)
471.43 (57, 618, 57)(352, 342, 300)
476.82 (52, 470, 668)(216, 146, 977)
491.74 (352, 342, 300)(52, 470, 668)
492.63 (592, 479, 940)(805, 96, 715)
493.81 (739, 650, 466)(346, 949, 466)
495.95 (466, 668, 158)(819, 987, 18)
503.62 (592, 479, 940)(216, 146, 977)
507.11 (906, 360, 560)(592, 479, 940)
511.59 (466, 668, 158)(970, 615, 88)
521.72 (352, 342, 300)(739, 650, 466)
524.91 (592, 479, 940)(739, 650, 466)
527.02 (352, 342, 300)(425, 690, 689)
533.03 (466, 668, 158)(425, 690, 689)
535.15 (542, 29, 236)(117, 168, 530)
540.28 (906, 360, 560)(970, 615, 88)
543.22 (431, 825, 988)(346, 949, 466)
550.54 (542, 29, 236)(805, 96, 715)
561.72 (162, 817, 812)(592, 479, 940)
566.28 (739, 650, 466)(819, 987, 18)
566.91 (970, 615, 88)(862, 61, 35)
582.46 (970, 615, 88)(984, 92, 344)
589.10 (906, 360, 560)(542, 29, 236)
597.23 (52, 470, 668)(346, 949, 466)
597.41 (906, 360, 560)(425, 690, 689)
600.30 (57, 618, 57)(346, 949, 466)
603.63 (466, 668, 158)(941, 993, 340)
604.70 (592, 479, 940)(52, 470, 668)
605.77 (906, 360, 560)(862, 61, 35)
609.78 (346, 949, 466)(941, 993, 340)
609.97 (431, 825, 988)(52, 470, 668)
610.96 (739, 650, 466)(805, 96, 715)
612.24 (906, 360, 560)(352, 342, 300)
621.51 (739, 650, 466)(984, 92, 344)
626.60 (117, 168, 530)(425, 690, 689)
628.69 (57, 618, 57)(52, 470, 668)
629.32 (352, 342, 300)(346, 949, 466)
630.85 (431, 825, 988)(739, 650, 466)
639.75 (352, 342, 300)(862, 61, 35)
646.58 (216, 146, 977)(805, 96, 715)
648.21 (466, 668, 158)(542, 29, 236)
650.05 (216, 146, 977)(425, 690, 689)
652.59 (819, 987, 18)(346, 949, 466)
655.61 (57, 618, 57)(117, 168, 530)
661.78 (352, 342, 300)(805, 96, 715)
670.87 (906, 360, 560)(466, 668, 158)
671.05 (906, 360, 560)(941, 993, 340)
681.07 (352, 342, 300)(984, 92, 344)
683.28 (805, 96, 715)(862, 61, 35)
686.08 (466, 668, 158)(52, 470, 668)
690.91 (542, 29, 236)(739, 650, 466)
692.72 (941, 993, 340)(425, 690, 689)
693.10 (162, 817, 812)(216, 146, 977)
693.21 (162, 817, 812)(739, 650, 466)
697.11 (592, 479, 940)(352, 342, 300)
700.32 (592, 479, 940)(117, 168, 530)
705.63 (805, 96, 715)(425, 690, 689)
708.09 (352, 342, 300)(970, 615, 88)
709.05 (162, 817, 812)(117, 168, 530)
711.40 (592, 479, 940)(346, 949, 466)
712.31 (431, 825, 988)(216, 146, 977)
714.27 (466, 668, 158)(117, 168, 530)
716.07 (117, 168, 530)(805, 96, 715)
717.80 (352, 342, 300)(216, 146, 977)
723.79 (162, 817, 812)(352, 342, 300)
734.87 (57, 618, 57)(425, 690, 689)
735.11 (466, 668, 158)(862, 61, 35)
736.43 (162, 817, 812)(466, 668, 158)
738.36 (739, 650, 466)(52, 470, 668)
740.14 (739, 650, 466)(862, 61, 35)
740.60 (542, 29, 236)(970, 615, 88)
783.70 (57, 618, 57)(542, 29, 236)
787.81 (162, 817, 812)(57, 618, 57)
788.17 (542, 29, 236)(52, 470, 668)
789.50 (739, 650, 466)(117, 168, 530)
790.59 (906, 360, 560)(431, 825, 988)
795.88 (57, 618, 57)(739, 650, 466)
796.68 (466, 668, 158)(984, 92, 344)
802.38 (346, 949, 466)(970, 615, 88)
809.83 (542, 29, 236)(425, 690, 689)
811.57 (592, 479, 940)(984, 92, 344)
812.58 (906, 360, 560)(117, 168, 530)
814.32 (592, 479, 940)(466, 668, 158)
814.77 (970, 615, 88)(425, 690, 689)
816.39 (117, 168, 530)(346, 949, 466)
817.95 (542, 29, 236)(216, 146, 977)
818.14 (906, 360, 560)(346, 949, 466)
830.49 (805, 96, 715)(970, 615, 88)
832.88 (819, 987, 18)(425, 690, 689)
833.34 (906, 360, 560)(819, 987, 18)
834.14 (906, 360, 560)(216, 146, 977)
837.03 (592, 479, 940)(542, 29, 236)
841.56 (431, 825, 988)(941, 993, 340)
842.08 (52, 470, 668)(805, 96, 715)
844.32 (352, 342, 300)(431, 825, 988)
844.77 (352, 342, 300)(819, 987, 18)
845.44 (466, 668, 158)(431, 825, 988)
847.54 (57, 618, 57)(819, 987, 18)
860.24 (431, 825, 988)(117, 168, 530)
863.62 (431, 825, 988)(805, 96, 715)
863.71 (592, 479, 940)(941, 993, 340)
867.38 (466, 668, 158)(805, 96, 715)
867.80 (906, 360, 560)(52, 470, 668)
878.82 (352, 342, 300)(941, 993, 340)
888.07 (739, 650, 466)(216, 146, 977)
888.32 (984, 92, 344)(425, 690, 689)
889.98 (117, 168, 530)(984, 92, 344)
900.83 (117, 168, 530)(862, 61, 35)
902.03 (941, 993, 340)(984, 92, 344)
908.78 (162, 817, 812)(906, 360, 560)
913.53 (57, 618, 57)(970, 615, 88)
927.15 (819, 987, 18)(862, 61, 35)
927.69 (162, 817, 812)(941, 993, 340)
941.96 (592, 479, 940)(970, 615, 88)
960.64 (216, 146, 977)(346, 949, 466)
966.71 (819, 987, 18)(984, 92, 344)
968.36 (542, 29, 236)(346, 949, 466)
970.93 (162, 817, 812)(805, 96, 715)
979.16 (57, 618, 57)(862, 61, 35)
981.70 (805, 96, 715)(941, 993, 340)
983.81 (941, 993, 340)(862, 61, 35)
996.71 (216, 146, 977)(984, 92, 344)
1000.15 (805, 96, 715)(346, 949, 466)
1001.08 (57, 618, 57)(941, 993, 340)
1002.87 (466, 668, 158)(216, 146, 977)
1007.14 (862, 61, 35)(425, 690, 689)
1019.99 (57, 618, 57)(906, 360, 560)
1020.79 (542, 29, 236)(819, 987, 18)
1024.44 (57, 618, 57)(431, 825, 988)
1032.79 (592, 479, 940)(862, 61, 35)
1041.75 (57, 618, 57)(592, 479, 940)
1044.50 (162, 817, 812)(819, 987, 18)
1046.17 (57, 618, 57)(216, 146, 977)
1047.43 (162, 817, 812)(542, 29, 236)
1048.48 (542, 29, 236)(941, 993, 340)
1056.64 (52, 470, 668)(984, 92, 344)
1057.21 (431, 825, 988)(819, 987, 18)
1059.61 (117, 168, 530)(970, 615, 88)
1069.87 (431, 825, 988)(970, 615, 88)
1075.35 (346, 949, 466)(984, 92, 344)
1076.88 (592, 479, 940)(819, 987, 18)
1082.33 (52, 470, 668)(941, 993, 340)
1095.51 (52, 470, 668)(970, 615, 88)
1100.65 (542, 29, 236)(431, 825, 988)
1103.56 (162, 817, 812)(970, 615, 88)
1103.80 (57, 618, 57)(984, 92, 344)
1106.38 (52, 470, 668)(862, 61, 35)
1113.80 (346, 949, 466)(862, 61, 35)
1121.53 (431, 825, 988)(984, 92, 344)
1124.70 (57, 618, 57)(805, 96, 715)
1130.52 (52, 470, 668)(819, 987, 18)
1131.32 (819, 987, 18)(805, 96, 715)
1145.38 (216, 146, 977)(862, 61, 35)
1181.40 (117, 168, 530)(941, 993, 340)
1191.78 (162, 817, 812)(984, 92, 344)
1194.03 (819, 987, 18)(117, 168, 530)
1256.50 (216, 146, 977)(970, 615, 88)
1284.06 (216, 146, 977)(941, 993, 340)
1290.45 (162, 817, 812)(862, 61, 35)
1295.25 (431, 825, 988)(862, 61, 35)
1410.88 (216, 146, 977)(819, 987, 18)
